"comparison","baseline_delta_lml","sensitivity_delta_lml","change"
"OU - MSE",3.51315535016147,3.87480327900084,0.361647928839375
"OU - RS",96.6114450020577,95.1133249427694,-1.49812005928834
